$ANSIBLE_VAULT;1.1;AES256
30316461616339313331376132626239333461336664623434313730343739646133626130626530
3066303161646137383663343662616561633436653632390a313138373963336136646232666561
63353730616535316335323932663465353563376334323137376363663438613032653839623332
6461626137323761360a303662626666653031303964633765313234336162616365316336633030
63643066373034636363633965336530656535656239393635313364386138636266333261393938
32343562663233656338396238626466383537656438616332353262666164626163316165363234
64386539323030376235336630616135306131366264663666313031386262343535346265386337
37646139343538643132363937613936303338333865623938393064316633643864643937376162
64363130323165613532343537363232383731346139613234636436376638306536306138616230
39343165633135316437366438613662303666353838333332643764626333346133653639356565
30366230633530383964643735323834626533356666663031393865333465623033313432356430
65303534323134326231663137633664383335636137303132393131616332333363336531663133
37653432616363396466646164636465356264326138393039383535313031663862383533633935
37653137346263346164663962303637623037386562306262303135656131613762336530613438
62393336313536383166613033623837643037626262626666373661633164313861643436373463
65653736633865336337346263646438366332616232356636626431653966313530383761346536
36666336376231613035373430376331333137353734643163383761326633393935666662326265
66363065373136313736303661663939643264383335306631653437653937313832346563353665
37616437343235613134376236656466623630663633366332656638343731313433616637386639
38343931306435313566326239306362343332356661373235326564643663393133656133623335
66653039353564663136663230633233323731356133313063303738643034326436656235353736
38656331613936343432613661376262366232313633383938313430366466366361616661323661
65643265373531316438623235646461643861386465623237343566653664323861633965353631
38306566666536656438383330353763653461346335303066366437396430373935393435303739
36306639643531643061396231613436656532323263353632623365396237333436343331383837
32643438393431383266623039396538656139653234336334626432383837653730353965663433
34663434383036666135313934353133383562626531363730316632323632653637636530353338
64393762663064393838313938303861653765376233333537346430306330613864333731316362
38323364383830333131616631323930343630326436346438383731623236623365363565326335
39383761383663363665336437623736616634646466623139326236316531653664386634373665
34336638656432373966633537643437383265343532353566303037663432353066626466376362
63393332616437356365313735326336653633653636353432636533633530303130356237356166
62666336376431343631623862616363643564376531316137363532393162386237663937663030
31316634666131313634336431646533363430633231303739323335386638636133323761313539
36383036363937636366363533636535313164613165666631666262396665373061343862303235
32383733613131313861333362306233643130383765333033643931356561636334383239323833
38366539343437303436383265363266353634613331363561363866376664366464623338666564
63376439326163396263333332623033616639643538383230333530316362623362616539333661
64646166303366326564306231393066613264626361643430303362373661363337656231616561
36343339383661353564353333316432663135386633356164356562393638356339343865336432
38376362653262366237323631616630313637396263626665313865373063326631353064653937
65343430303664383531363437323562393134663935316262383035366262363966643661336563
30363361353033323630623333616133336330303833643033313932386364376263353938323561
66333566626236336463363835613863633363346531316166336364666664366438383066306238
35616461383965616136383733666563303661393530333166313335323937336566353430343632
62663465323863643830376565386332306365386138666131386233393430333138393364326566
30343133393430323561363537386666623163623663616531346562323035363338656134333664
30373233396461393438373632373930363033346335663461396361363763666161623737353034
62393037303730666533386139306564393530323137363030316630346631613134363062623037
31386139356334626162366638643236643235336437386433386461383365646661623639343364
31666163386432306434633035616631323430643639323532633766363263353862646232333163
35353562656162383964326531383731633965396230396362653939393865646264313338363230
64333166333733393430343539633335363534363937663164346332396238363866373332306133
32613230336131633331653366336266643334373733333937383433636266623134666330363035
62306634633862336137353339383864393537376464616530616464383135316261323433633734
66646166373865663630663839616363633134613834663431323138643737333334306137623965
64633933323630626462373961653238613339636531303730626139633064623162366566346332
66303838393530303135636264396330333365616430303230353339373865653562383734316635
66343636306264393930393366306638373533373764663637393136653464656234326632376138
35666531663330663430323033393438373130643961393261366132663965643538363536636436
36653665393636393063353331356136383333666639373839363739316662333237333333656438
61353132396433333062306232326565353233373064356337643938626565646231333333653461
61303131353765643235316637363030613766393538386263653030363761303535303231616563
64663839616366626539336636646131353330623765333164333966346130306462336233396662
38306235613662316162616334666162623433343462303733363836626338376161353962393038
62386165373763383332643433623933646363623638363066666566343237643533663534323161
65323738363034643633396239653361623533663762303333376530366630376537373366316532
37336662343239633362373930653739353134306137616439653739303639353431653365356234
32323435323763653965303333353134323831306538393536373064356632306234303764626165
65313064383264663961646538643565316331633339616130396133363663376666323233333064
64653561393839306535373961313362613163663132393733613061633662383836343662333235
34396335323937623832386666333261653461306265303864646561393562313632656565656437
63376232313639313061343734666438316362376434313433366264613861346536356633303031
37316331646562303462393231626331653138656266383762386639303030393461633331303437
35613635393363326163373638323233626633373537336162376132666663323533653436336465
35393261646633356234663239356532353061633934373264643337653535376632396639616165
66636131346264343732666134366536326336336339336534383162326663393364666633396636
63356165353532393261323165356634373861653836613334303537373839346537646331366238
33353633333366366639653433633464303937353232386331666331303834353961343662373432
31633936393062306138663662323938343462636430336664313536333462343863353334303530
38393463373134343364353766366461373739373162333539633931303265616161343963623030
30313838383037373561616234626163336232306662376633393436613761303436373430333433
66376364333338343963306262343939376462313836313661383637346664613537393665323732
39663133363536393266313035306162623730353466373132313734623939346466303436356238
36353063646362396565353033383931653661383364313838336164336633343536653537386334
39363666616634396262373936323239343062623838666664326662333835386639623664386339
38343039313839396261326631633938336332343933663362663330666434396635623966386538
39366231383866343039
